                                
                                
                          1     
                          11    
                       221111   
                      22341     
                     223344     
                    2223344     
                    2323334     
                   25323534     
                   52535354     
                  222233344     
                  23533344      
                 323355544      
                 33233334       
                223333344       
               223333334        
              2322233344        
            22233333344         
          2223233333344         
        22222333333344          
      222333233333334           
     232223333333333            
    233333233333444             
   233333333333444              
   4433333333344                
   544333334444                 
  55544433444                   
   55544444                     
    5                           
                                
                                