 111233334444444444444433333211 
 111235334444444444444433333251 
 611236334444444444444433333261
 511236334444444444444433333216 
 661233533444444444444333333255 
 651233533444444444444333332266 
 161223633344444444443333332266 
 116223333334444444433333322116 
 116623333333444444333335322166 
 111123353333344443333336322161 
 161123353333333333333663222551 
 161122366633333333336663222661 
 151122335633333333335633266611 
 161112233633333333366332666111 
 161112233653333333366332661111 
  6116222336633333655332661111  
  5615122333363333333332221111  
  5515162233333333333322221511  
  6516125223333333333222211611  
  6616612622333333332222116611  
  1115612662223333322222116611  
  1116612255662222222221116611  
  1111561122226562662211156111  
   11166155111222221111166511   
    111665511111111111116661    
    111661111111111111166611    
     1116611111111111155611     
      11166111111111665511      
      11111111111116666111      
       111111165566661111       
        1111111556661111        
          111111111111          