         111122332233111        
       334441122323311223       
     133313891133112981331      
     1324418841114438811111     
    12322413334443332211144     
    123223412333332331449823    
   1113891322332322114438822    
   4411881111322331114333333    
   2441134411123331443332311    
   224441398441139833211114     
    334241883333388221444322    
   13112313333233331143333211   
  112441323331332233333331131   
 1112444122334411133338911321   
 41413344113334444113388112214  
 41411894441133333332231142114  
 41341883333333332233211443314  
 14341133323133311111144431344  
 14233312223311333114442211444  
  4432333122893323233322111444  
  444133211188333223339832244   
   44112233422311333318834444   
    441113444413311144444444    
     444444544441144444444      
      444   5544454444          
           5657565              
            5765655             
           567657655            
           55 7755              
               55               
                                
                                